0  0  0  0 
0  0  0  0 
0  0  0  0 
0  0  0  0 
0  0  0  0 
1  0  0  0 
1  0  0  0 
10  0  0  0 
12  0  0  0 
1  0  0  0 
1  0  0  0 
123  0  0  0 
118  0  0  0 
112  0  0  0 
105  0  0  0 
98  0  0  0 
92  0  0  0 
87  0  0  0 
85  0  0  0 
83  0  0  0 
82  0  0  0 
80  0  0  0 
79  0  0  0 
78  0  0  0 
77  0  0  0 
77  0  0  0 
76  0  0  0 
76  0  0  0 
77  0  0  0 
77  0  0  0 
78  0  0  0 
79  0  0  0 
80  0  0  0 
83  0  0  0 
87  0  0  0 
92  0  0  0 
96  0  0  0 
100  0  0  0 
104  0  0  0 
106  0  0  0 
108  0  0  0 
108  0  0  0 
109  0  0  0 
109  0  0  0 
106  0  0  0 
103  0  0  0 
99  0  0  0 
94  0  0  0 
89  0  0  0 
85  0  0  0 
81  0  0  0 
80  0  0  0 
78  0  0  0 
77  0  0  0 
76  0  0  0 
75  0  0  0 
75  0  0  0 
74  0  0  0 
74  0  0  0 
74  0  0  0 
74  0  0  0 
74  0  0  0 
75  0  0  0 
76  0  0  0 
77  0  0  0 
78  0  0  0 
82  0  0  0 
86  0  0  0 
92  0  0  0 
97  0  0  0 
101  0  0  0 
105  0  0  0 
107  0  0  0 
109  0  0  0 
110  0  0  0 
111  0  0  0 
110  0  0  0 
106  0  0  0 
102  0  0  0 
97  0  0  0 
91  0  0  0 
86  0  0  0 
82  0  0  0 
80  0  0  0 
79  0  0  0 
77  0  0  0 
76  0  0  0 
76  0  0  0 
75  0  0  0 
74  0  0  0 
74  0  0  0 
74  0  0  0 
74  0  0  0 
74  0  0  0 
75  0  0  0 
76  0  0  0 
76  0  0  0 
78  0  0  0 
80  0  0  0 
85  0  0  0 
90  0  0  0 
95  0  0  0 
99  0  0  0 
103  0  0  0 
106  0  0  0 
108  0  0  0 
109  0  0  0 
110  0  0  0 
110  0  0  0 
108  0  0  0 
104  0  0  0 
99  0  0  0 
95  0  0  0 
89  0  0  0 
85  0  0  0 
81  0  0  0 
80  0  0  0 
78  0  0  0 
83  0  0  0 
81  0  0  0 
80  0  0  0 
79  0  0  0 
78  0  0  0 
78  0  0  0 
78  0  0  0 
78  0  0  0 
78  0  0  0 
79  0  0  0 
79  0  0  0 
80  0  0  0 
81  1  1  1 
83  1  1  1 
86  1  1  1 
89  1  1  1 
91  1  1  1 
93  1  1  1 
94  1  1  1 
95  1  1  1 
95  1  1  1 
95  1  1  1 
93  1  1  1 
91  1  1  1 
88  1  1  1 
85  1  1  1 
82  1  1  1 
80  1  1  1 
79  1  1  1 
78  1  1  1 
78  1  1  1 
77  1  1  1 
77  1  1  1 
76  1  1  1 
76  1  1  1 
76  1  1  1 
76  1  1  1 
76  1  1  1 
70  1  1  1 
72  1  1  1 
73  1  1  1 
75  1  1  1 
78  1  1  1 
83  1  1  1 
89  1  1  1 
94  1  11  1 
99  1  1  1 
104  1  1  1 
107  1  1  1 
108  1  1  1 
109  1  1  1 
1101  1  1  1 
107  1  1  1 
1041  1  1  1 
99  1  1  1 
9  1  1  1 
9  1  1  1 
9  1  1  1 
0  1  1  1 
78  1  1  1 
77  1  11  1 
76  1  11  1 
1  1  11  1 
75  1  1  1 
74  1  1  1 
74  1  1  1 
73  1  1  1 
73  1  1  1 
73  1  1  1 
74  1  1  1 
75  1  1  1 
76  1  1  1 
76  1  1  1 
79  1  1  1 
83  1  1  1 
89  1  1  1 
94  1  1  1 
99  1  1  1 
103  1  1  1 
107  1  1  1 
108  1  1  1 
110  1  1  1 
110  1  1  1 
110  1  1  1 
106  1  1  1 
88  1  1  1 
86  1  1  1 
83  1  1  1 
81  1  1  1 
80  1  1  1 
79  1  1  1 
79  1  1  1 
78  1  1  1 
78  1  1  1 
78  1  1  1 
78  1  1  1 
77  1  1  1 
77  1  1  1 
78  1  1  1 
78  1  1  1 
79  1  1  1 
79  1  1  1 
80  1  1  1 
81  1  1  1 
83  1  1  1 
86  1  1  1 
89  1  1  1 
91  1  1  1 
93  1  1  1 
95  1  1  1 
95  1  1  1 
96  1  1  1 
95  1  1  1 
95  1  1  1 
93  1  1  1 
90  1  1  1 
88  1  1  1 
85  1  1  1 
82  1  1  1 
80  1  1  1 
79  1  1  1 
78  1  1  1 
78  1  1  1 
77  1  1  1 
77  1  1  1 
77  1  1  1 
77  1  1  1 
77  1  1  1 
77  1  1  1 
77  1  1  1 
78  1  1  1 
78  1  1  1 
79  1  1  1 
80  1  1  1 
82  1  1  1 
85  1  1  1 
88  1  1  1 
90  1  1  1 
92  1  1  1 
94  1  1  1 
95  1  1  1 
95  1  1  1 
95  1  1  1 
95  1  1  1 
92  1  1  1 
90  1  1  1 
87  1  1  1 
85  1  1  1 
82  1  1  1 
79  1  1  1 
78  1  1  1 
77  1  1  1 
76  1  1  1 
76  1  1  1 
75  1  1  1 
75  1  1  1 
75  1  1  1 
74  1  1  1 
74  1  1  1 
75  1  1  1 
75  1  1  1 
76  1  1  1 
77  1  1  1 
78  1  1  1 
81  1  1  1 
86  1  1  1 
90  1  1  1 
94  1  1  1 
96  1  1  1 
99  1  1  1 
100  1  1  1 
108  1  1  1 
108  1  1  1 
109  1  1  1 
106  1  1  1 
102  1  1  1 
97  1  1  1 
91  1  1  1 
85  1  1  1 
81  1  1  1 
78  1  1  1 
76  1  1  1 
78  1  1  1 
77  1  1  1 
72  1  1  1 
71  1  1  1 
71  1  1  1 
71  1  1  1 
71  1  1  1 
72  1  1  1 
73  1  1  1 
74  1  1  1 
76  1  1  1 
77  1  1  1 
81  1  1  1 
87  1  1  1 
94  1  1  1 
100  1  1  1 
105  1  1  1 
102  1  1  1 
103  1  1  1 
104  1  1  1 
104  1  1  1 
103  1  1  1 
99  1  1  1 
95  1  1  1 
91  1  1  1 
87  1  1  1 
83  1  1  1 
80  1  1  1 
79  1  1  1 
78  1  1  1 
77  1  1  1 
76  1  1  1 
761  1  1  1 
75  1  1  1 
75  1  1  1 
7  1  1  1 
7  1  1  1 
5  1  1  1 
75  1  1  1 
76  1  1  1 
77  1  1  1 
77  1  1  1 
79  1  1  1 
81  1  1  1 
86  1  1  1 
90  1  1  1 
94  1  1  1 
971  1  1  1 
99  1  1  1 
1  1  1  1 
1  1  1  1 
1  1  1  1 
1  1  1  1 
106  1  1  1 
102  1  1  1 
96  1  1  1 
90  1  1  1 
85  1  1  1 
81  1  1  1 
79  1  1  1 
77  1  1  1 
76  1  1  1 
75  1  1  1 
74  1  1  1 
74  1  1  1 
73  1  1  1 
73  1  1  1 
73  1  1  1 
73  1  1  1 
74  1  1  1 
75  1  1  1 
76  1  1  1 
78  1  1  1 
82  1  1  1 
88  1  1  1 
94  1  1  1 
99  1  1  1 
104  1  1  1 
107  1  1  1 
109  1  1  1 
111  1  1  1 
112  1  1  1 
111  1  1  1 
107  1  1  1 
102  1  1  1 
96  1  1  1 
90  1  1  1 
85  1  1  1 
81  1  1  1 
79  1  1  1 
77  1  1  1 
76  1  1  1 
75  1  1  1 
74  1  1  1 
74  1  1  1 
73  1  1  1 
73  1  1  1 
73  1  1  1 
74  1  1  1 
75  1  1  1 
76  1  1  1 
77  1  1  1 
79  1  1  1 
84  1  1  1 
89  1  1  1 
94  1  1  1 
97  1  1  1 
99  1  1  1 
101  1  1  1 
101  1  1  1 
101  1  1  1 
101  1  1  1 
100  1  1  1 
97  1  1  1 
93  1  1  1 
89  1  1  1 
85  1  1  1 
82  1  1  1 
80  1  1  1 
79  1  1  1 
78  1  1  1 
77  1  1  1 
76  1  1  1 
76  1  1  1 
75  1  1  1 
75  1  1  1 
75  1  1  1 
75  1  1  1 
76  1  1  1 
77  1  1  1 
77  1  1  1 
78  1  1  1 
81  1  1  1 
85  1  1  1 
90  1  1  1 
93  1  1  1 
96  1  1  1 
98  1  1  1 
99  1  1  1 
100  1  1  1 
100  1  1  1 
99  1  1  1 
95  1  1  1 
91  1  1  1 
88  1  1  1 
83  1  1  1 
80  1  1  1 
79  1  1  1 
78  1  1  1 
77  1  1  1 
76  1  1  1 
76  1  1  1 
75  1  1  1 
75  1  1  1 
75  1  1  1 
75  1  1  1 
76  1  1  1 
76  1  1  1 
77  1  1  1 
78  1  1  1 
81  1  1  1 
86  1  1  1 
90  1  1  1 
94  1  1  1 
96  1  1  1 
98  1  1  1 
99  1  1  1 
100  1  1  1 
100  1  1  1 
97  1  1  1 
94  1  1  1 
90  1  1  1 
85  1  1  1 
81  1  1  1 
79  1  1  1 
78  1  1  1 
77  1  1  1 
76  1  1  1 
76  1  1  1 
75  1  1  1 
75  1  1  1 
75  1  1  1 
75  1  1  1 
75  1  1  1 
76  1  1  1 
77  1  1  1 
78  1  1  1 
81  1  1  1 
86  1  1  1 
90  1  1  1 
94  1  1  1 
97  1  1  1 
99  1  1  1 
99  1  1  1 
100  1  1  1 
102  1  1  1 
99  1  1  1 
96  1  1  1 
91  1  1  1 
86  1  1  1 
82  1  1  1 
79  1  1  1 
78  1  1  1 
77  1  1  1 
76  1  1  1 
75  1  1  1 
75  1  1  1 
74  1  1  1 
74  11  1  1 
76  11  1  1 
76  1  1  1 
77  1  1  1 
78  1  1  1 
76  1  1  1 
81  1  1  1 
861  1  1  1 
931  1  1  1 
96  1  1  1 
10  1  1  1 
10  1  1  1 
10  1  1  1 
10  1  1  1 
109  1  1  1 
105  1  1  1 
99  1  11  1 
93  1  11  1 
1  1  11  1 
86  1  11  1 
82  1  11  1 
79  1  11  1 
77  1  11  1 
76  1  11  1 
751  1  1  1 
74  1  1  1 
7  1  1  1 
7  1  1  1 
7  1  1  1 
73  1  1  1 
74  1  1  1 
75  1  1  1 
77  1  1  1 
80  1  1  1 
85  1  1  1 
92  1  1  1 
98  1  1  1 
103  1  1  1 
107  1  1  1 
109  1  1  1 
110  1  1  1 
110  1  1  1 
107  1  1  1 
103  1  1  1 
97  1  1  1 
90  1  1  1 
85  1  1  1 
80  1  1  1 
78  1  1  1 
77  1  1  1 
75  1  1  1 
74  1  1  1 
73  1  1  1 
73  1  1  1 
73  1  1  1 
73  1  1  1 
73  1  1  1 
75  1  1  1 
76  1  1  1 
78  1  1  1 
82  1  1  1 
89  1  1  1 
95  1  1  1 
101  1  1  1 
106  1  1  1 
109  1  1  1 
111  1  1  1 
112  1  1  1 
111  1  1  1 
106  1  1  1 
100  1  1  1 
93  1  1  1 
86  1  1  1 
81  1  1  1 
79  1  1  1 
77  1  1  1 
76  1  1  1 
74  1  1  1 
74  1  1  1 
73  1  1  1 
73  1  1  1 
73  1  1  1 
74  1  1  1 
75  1  1  1 
76  1  1  1 
77  1  1  1 
81  1  1  1 
88  1  1  1 
95  1  1  1 
101  1  1  1 
105  1  1  1 
109  1  1  1 
111  1  1  1 
112  1  1  1 
111  1  1  1 
107  1  1  1 
101  1  1  1 
94  1  1  1 
87  1  1  1 
82  1  1  1 
79  1  1  1 
78  1  1  1 
76  1  1  1 
75  1  1  1 
74  1  1  1 
73  1  1  1 
73  1  1  1 
73  1  1  1 
74  1  1  1 
75  1  1  1 
76  1  1  1 
77  1  1  1 
81  1  1  1 
87  1  1  1 
94  1  1  1 
100  1  1  1 
105  1  1  1 
108  1  1  1 
110  1  1  1 
111  1  1  1 
111  1  1  1 
107  1  1  1 
101  1  1  1 
95  1  1  1 
88  1  1  1 
83  1  1  1 
80  1  1  1 
78  1  1  1 
76  1  1  1 
75  1  1  1 
74  1  1  1 
74  1  1  1 
73  1  1  1 
73  1  1  1 
74  1  1  1 
75  1  1  1 
76  1  1  1 
78  1  1  1 
81  1  1  1 
87  1  1  1 
94  1  1  1 
100  1  1  1 
105  1  1  1 
109  1  1  1 
111  1  1  1 
111  1  1  1 
111  1  1  1 
107  1  1  1 
101  1  1  1 
94  1  1  1 
87  1  1  1 
81  1  1  1 
79  1  1  1 
77  1  1  1 
76  1  1  1 
74  1  1  1 
74  1  1  1 
73  1  1  1 
73  1  1  1 
74  1  1  1 
74  1  1  1 
75  1  1  1 
77  1  1  1 
79  1  1  1 
84  1  1  1 
90  1  1  1 
97  1  1  1 
103  1  1  1 
108  1  1  1 
111  1  1  1 
112  1  1  1 
113  1  1  1 
111  1  1  1 
106  1  1  1 
99  11  1  1 
92  1  1  1 
85  1  1  1 
80  1  1  1 
78  1  1  1 
761  1  1  1 
751  1  1  1 
741  1  1  1 
74  1  1  1 
73  1  1  1 
7  1  1  1 
74  1  1  1 
4  1  1  1 
75  1  1  1 
77  1  1  1 
79  1  11  1 
85  1  1  1 
91  1  1  1 
98  1  1  1 
104  1  1  1 
104  1  1  1 
108  1  1  1 
11  1  1  1 
11  1  1  1 
113  1  1  1 
110  1  1  1 
1  1  1  1 
9  1  1  1 
91  1  1  1 
5  1  1  1 
81  1  1  1 
79  1  1  1 
77  1  1  1 
76  1  1  1 
75  1  1  1 
74  1  1  1 
73  1  1  1 
73  1  1  1 
73  1  1  1 
73  1  1  1 
75  1  1  1 
76  1  1  1 
79  1  1  1 
85  1  1  1 
93  1  1  1 
100  1  1  1 
106  1  1  1 
112  1  1  1 
114  1  1  1 
115  1  1  1 
116  1  1  1 
112  1  1  1 
106  1  1  1 
99  1  1  1 
91  1  1  1 
84  1  1  1 
80  1  1  1 
78  1  1  1 
76  1  1  1 
75  1  1  1 
74  1  1  1 
74  1  1  1 
73  1  1  1 
73  1  1  1 
74  1  1  1 
75  1  1  1 
76  1  1  1 
77  1  1  1 
80  1  1  1 
85  1  1  1 
92  1  1  1 
99  1  1  1 
104  1  1  1 
109  1  1  1 
112  1  1  1 
114  1  1  1 
114  1  1  1 
112  1  1  1 
 
93  0  0  0 
95  0  0  0 
96  0  0  0 
96  0  0  0 
96  0  0  0 
96  0  0  0 
95  0  0  0 
93  0  0  0 
90  0  0  0 
88  0  0  0 
88  0  0  0 
85  0  0  0 
82  0  0  0 
80  0  0  0 
78  0  0  0 
78  0  0  0 
77  0  0  0 
77  0  0  0 
77  0  0  0 
76  0  0  0 
76  0  0  0 
76  0  0  0 
76  0  0  0 
75  0  0  0 
75  0  0  0 
75  0  0  0 
76  0  0  0 
76  0  0  0 
77  0  0  0 
7  0  0  0 
0  0  0  0 
78  0  0  0 
79  0  0  0 
80  0  0  0 
82  0  0  0 
82  0  0  0 
85  0  0  0 
87  0  0  0 
89  0  0  0 
91  0  0  0 
91  0  0  0 
93  0  0  0 
94  0  0  0 
94  0  0  0 
94  0  0  0 
94  0  0  0 
94  0  0  0 
94  0  0  0 
92  0  0  0 
92  0  0  0 
92  0  0  0 
87  0  0  0 
85  0  0  0 
82  0  0  0 
82  0  0  0 
82  0  0  0 
79  0  0  0 
78  0  0  0 
78  0  0  0 
770  0  0  0 
0  0  0  0 
77  0  0  0 
77  0  0  0 
76  0  0  0 
76  0  0  0 
0  0  0  0 
76  0  0  0 
76  0  0  0 
77  0  0  0 
77  0  0  0 
0  0  0  0 
78  0  0  0 
78  0  0  0 
79  0  0  0 
79  0  0  0 
80  0  0  0 
83  0  0  0 
86  0  0  0 
88  0  0  0 
9  0  0  0 
1  0  0  0 
92  0  0  0 
94  0  0  0 
95  0  0  0 
95  0  0  0 
95  0  0  0 
95  0  0  0 
95  0  0  0 
93  0  0  0 
9  0  0  0 
1  0  0  0 
88  0  0  0 
85  0  0  0 
83  0  0  0 
83  0  0  0 
81  0  0  0 
79  0  0  0 
78  0  0  0 
78  0  0  0 
78  0  0  0 
77  0  0  0 
77  0  0  0 
77  0  0  0 
76  0  0  0 
76  0  0  0 
76  0  0  0 
76  0  0  0 
76  0  0  0 
76  0  0  0 
76  0  0  0 
77  0  0  0 
77  0  0  0 
78  0  0  0 
79  0  0  0 
79  0  0  0 
80  0  0  0 
83  0  0  0 
86  0  0  0 
88  0  0  0 
88  0  0  0 
91  0  0  0 
92  0  0  0 
94  0  0  0 
94  0  0  0 
94  0  0  0 
95  0  0  0 
95  0  0  0 
95  0  0  0 
93  0  0  0 
93  0  0  0 
91  0  0  0 
88  0  0  0 
85  0  0  0 
82  0  0  0 
82  0  0  0 
80  0  0  0 
79  0  0  0 
78  0  0  0 
780  0  0  0 
780  0  0  0 
77  0  0  0 
77  0  0  0 
77  0  0  0 
770  0  0  0 
0  0  0  0 
77  0  0  0 
77  0  0  0 
77  0  0  0 
7  0  0  0 
7  0  0  0 
77  0  0  0 
78  0  0  0 
78  0  0  0 
78  0  0  0 
78  0  0  0 
82  0  0  0 
84  0  0  0 
87  0  0  0 
89  0  0  0 
89  0  0  0 
91  0  0  0 
93  0  0  0 
94  0  0  0 
94  0  0  0 
94  0  0  0 
94  0  0  0 
94  0  0  0 
93  0  0  0 
9  0  0  0 
0  0  0  0 
88  0  0  0 
85  0  0  0 
82  0  0  0 
82  0  0  0 
80  0  0  0 
79  0  0  0 
78  0  0  0 
78  0  0  0 
78  0  0  0 
77  0  0  0 
77  0  0  0 
76  0  0  0 
76  0  0  0 
76  0  0  0 
76  0  0  0 
76  0  0  0 
76  0  0  0 
6  0  0  0 
6  0  0  0 
77  0  0  0 
77  0  0  0 
78  0  0  0 
79  0  0  0 
79  0  0  0 
81  0  0  0 
84  0  0  0 
86  0  0  0 
88  0  0  0 
88  0  0  0 
90  0  0  0 
92  0  0  0 
93  0  0  0 
93  0  0  0 
93  0  0  0 
93  0  0  0 
93  0  0  0 
92  0  0  0 
90  0  0  0 
90  0  0  0 
88  0  0  0 
85  0  0  0 
82  0  0  0 
80  0  0  0 
80  0  0  0 
78  0  0  0 
78  0  0  0 
77  0  0  0 
77  0  0  0 
77  0  0  0 
76  0  0  0 
76  0  0  0 
76  0  0  0 
76  0  0  0 
75  0  0  0 
75  0  0  0 
75  0  0  0 
76  0  0  0 
76  0  0  0 
76  0  0  0 
77  0  0  0 
78  0  0  0 
7  0  0  0 
7  0  0  0 
81  0  0  0 
84  0  0  0 
86  0  0  0 
86  0  0  0 
86  0  0  0 
91  0  0  0 
92  0  0  0 
93  0  0  0 
94  0  0  0 
94  0  0  0 
94  0  0  0 
94  0  0  0 
93  0  0  0 
91  0  0  0 
91  0  0  0 
88  0  0  0 
85  0  0  0 
82  0  0  0 
8  0  0  0 
8  0  0  0 
79  0  0  0 
78  0  0  0 
77  0  0  0 
77  0  0  0 
77  0  0  0 
76  0  0  0 
76  0  0  0 
76  0  0  0 
76  0  0  0 
0  0  0  0 
76  0  0  0 
76  0  0  0 
76  0  0  0 
76  0  0  0 
76  0  0  0 
77  0  0  0 
78  0  0  0 
79  0  0  0 
81  0  0  0 
0  0  0  0 
83  0  0  0 
86  0  0  0 
88  0  0  0 
91  0  0  0 
91  0  0  0 
92  0  0  0 
93  0  0  0 
94  0  0  0 
94  0  0  0 
94  0  0  0 
94  0  0  0 
93  0  0  0 
91  0  0  0 
91  0  0  0 
88  0  0  0 
86  0  0  0 
83  0  0  0 
80  0  0  0 
80  0  0  0 
79  0  0  0 
78  0  0  0 
78  0  0  0 
7  0  0  0 
7  0  0  0 
77  0  0  0 
76  0  0  0 
76  0  0  0 
76  0  0  0 
76  0  0  0 
76  0  0  0 
76  0  0  0 
76  0  0  0 
77  0  0  0 
77  0  0  0 
77  0  0  0 
78  0  0  0 
79  0  0  0 
80  0  0  0 
80  0  0  0 
83  0  0  0 
86  0  0  0 
89  0  0  0 
91  0  0  0 
91  0  0  0 
92  0  0  0 
94  0  0  0 
94  0  0  0 
94  0  0  0 
94  0  0  0 
94  0  0  0 
93  0  0  0 
91  0  0  0 
88  0  0  0 
88  0  0  0 
86  0  0  0 
83  0  0  0 
80  0  0  0 
78  0  0  0 
78  0  0  0 
77  0  0  0 
76  0  0  0 
76  0  0  0 
75  0  0  0 
75  0  0  0 
75  0  0  0 
75  0  0  0 
75  0  0  0 
75  0  0  0 
75  0  0  0 
75  0  0  0 
75  0  0  0 
76  0  0  0 
770  0  0  0 
0  0  0  0 
77  0  0  0 
78  0  0  0 
80  0  0  0 
82  0  0  0 
82  0  0  0 
85  0  0  0 
88  0  0  0 
90  0  0  0 
92  0  0  0 
92  0  0  0 
93  0  0  0 
94  0  0  0 
94  0  0  0 
9  0  0  0 
9  0  0  0 
94  0  0  0 
92  0  0  0 
90  0  0  0 
8  0  0  0 
8  0  0  0 
85  0  0  0 
82  0  0  0 
80  0  0  0 
7  0  0  0 
7  0  0  0 
78  0  0  0 
78  0  0  0 
77  0  0  0 
77  0  0  0 
0  0  0  0 
76  0  0  0 
76  0  0  0 
76  0  0  0 
76  0  0  0 
76  0  0  0 
76  0  0  0 
76  0  0  0 
77  0  0  0 
7  0  0  0 
7  0  0  0 
78  0  0  0 
79  0  0  0 
81  0  0  0 
81  0  0  0 
83  0  0  0 
86  0  0  0 
88  0  0  0 
91  0  0  0 
91  0  0  0 
92  0  0  0 
94  0  0  0 
94  0  0  0 
94  0  0  0 
94  0  0  0 
95  0  0  0 
94  0  0  0 
92  0  0  0 
90  0  0  0 
90  0  0  0 
87  0  0  0 
85  0  0  0 
82  0  0  0 
82  0  0  0 
82  0  0  0 
79  0  0  0 
78  0  0  0 
78  0  0  0 
77  0  0  0 
77  0  0  0 
77  0  0  0 
76  0  0  0 
76  0  0  0 
76  0  0  0 
76  0  0  0 
76  0  0  0 
76  0  0  0 
76  0  0  0 
77  0  0  0 
77  0  0  0 
77  0  0  0 
78  0  0  0 
78  0  0  0 
80  0  0  0 
80  0  0  0 
82  0  0  0 
85  0  0  0 
87  0  0  0 
90  0  0  0 
90  0  0  0 
91  0  0  0 
93  0  0  0 
94  0  0  0 
94  0  0  0 
94  0  0  0 
95  0  0  0 
95  0  0  0 
94  0  0  0 
9  0  0  0 
9  0  0  0 
90  0  0  0 
87  0  0  0 
85  0  0  0 
82  0  0  0 
82  0  0  0 
80  0  0  0 
79  0  0  0 
78  0  0  0 
78  0  0  0 
78  0  0  0 
77  0  0  0 
77  0  0  0 
76  0  0  0 
76  0  0  0 
76  0  0  0 
76  0  0  0 
76  0  0  0 
76  0  0  0 
7  0  0  0 
6  0  0  0 
76  0  0  0 
77  0  0  0 
78  0  0  0 
78  0  0  0 
78  0  0  0 
79  0  0  0 
81  0  0  0 
84  0  0  0 
84  0  0  0 
86  0  0  0 
88  0  0  0 
91  0  0  0 
92  0  0  0 
92  0  0  0 
94  0  0  0 
94  0  0  0 
94  0  0  0 
9  0  0  0 
9  0  0  0 
95  0  0  0 
93  0  0  0 
91  0  0  0 
91  0  0  0 
91  0  0  0 
86  0  0  0 
84  0  0  0 
81  0  0  0 
80  0  0  0 
80  0  0  0 
79  0  0  0 
78  0  0  0 
77  0  0  0 
76  0  0  0 
76  0  0  0 
76  0  0  0 
000000  0.000000  0.000000  0.000000 
78.000000  0.000000  0.000000  0.000000 
78.000000  0.000000  0.000000  0.000000 
80.000000  0.000000  0.000000  0.000000 
83.000000  0.000000  0.000000  0.000000 
87.000000  0.000000  0.000000  0.000000 
90.000000  0.000000  0.000000  0.000000 
90.000000  0.000000  0.000000  0.000000 
92.000000  0.000000  0.000000  0.000000 
81.000000  0.000000  0.000000  0.000000 
80.000000  0.000000  0.000000  0.000000 
80.000000  0.000000  0.000000  0.000000 
80.000000  0.000000  0.000000  0.000000 
81.000000  0.000000  0.000000  0.000000 
81.000000  0.000000  0.000000  0.000000 
81.000000  0.000000  0.000000  0.000000 
81.000000  0.000000  0.000000  0.000000 
81.000000  0.000000  0.000000  0.000000 
81.000000  0.000000  0.000000  0.000000 
81.000000  0.000000  0.000000  0.000000 
81.000000  0.000000  0.000000  0.000000 
8.000000  0.000000  0.000000  0.000000 
0.000000  0.000000  0.000000  0.000000 
81.000000  0.000000  0.000000  0.000000 
81.000000  0.000000  0.000000  0.000000 
81.000000  0.000000  0.000000  0.000000 
81.000000  0.000000  0.000000  0.000000 
0.000000  0.000000  0.000000  0.000000 
81.000000  0.000000  0.000000  0.000000 
81.000000  0.000000  0.000000  0.000000 
80.000000  0.000000  0.000000  0.000000 
81.000000  0.000000  0.000000  0.000000 
0.000000  0.000000  0.000000  0.000000 
81.000000  0.000000  0.000000  0.000000 
81.000000  0.000000  0.000000  0.000000 
80.000000  0.000000  0.000000  0.000000 
77.000000  0.000000  0.000000  0.000000 
0.000000  0.000000  0.000000  0.000000 
77.000000  0.000000  0.000000  0.000000 
80.000000  0.000000  0.000000  0.000000 
80.000000  0.000000  0.000000  0.000000 
81.000000  0.000000  0.000000  0.000000 
81.000000  0.000000  0.000000  0.000000 
81.000000  0.000000  0.000000  0.000000 
82.000000  0.000000  0.000000  0.000000 
82.000000  0.000000  0.000000  0.000000 
82.000000  0.000000  0.000000  0.000000 
82.000000  0.000000  0.000000  0.000000 
82.000000  0.000000  0.000000  0.000000 
82.000000  0.000000  0.000000  0.000000 
83.000000  0.000000  0.000000  0.000000 
83.000000  0.000000  0.000000  0.000000 
83.000000  0.000000  0.000000  0.000000 
76.000000  0.000000  0.000000  0.000000 
76.000000  0.000000  0.000000  0.000000 
76.000000  0.000000  0.000000  0.000000 
76.000000  0.000000  0.000000  0.000000 
77.000000  0.000000  0.000000  0.000000 
78.000000  0.000000  0.000000  0.000000 
80.000000  0.000000  0.000000  0.000000 
82.000000  0.000000  0.000000  0.000000 
82.000000  0.000000  0.000000  0.000000 
85.000000  0.000000  0.000000  0.000000 
87.000000  0.000000  0.000000  0.000000 
88.000000  0.000000  0.000000  0.000000 
91.000000  0.000000  0.000000  0.000000 
91.000000  0.000000  0.000000  0.000000 
92.000000  0.000000  0.000000  0.000000 
94.000000  0.000000  0.000000  0.000000 
95.000000  0.000000  0.000000  0.000000 
95.000000  0.000000  0.000000  0.000000 
95.000000  0.000000  0.000000  0.000000 
96.000000  0.000000  0.000000  0.000000 
96.000000  0.000000  0.000000  0.000000 
96.000000  0.000000  0.000000  0.000000 
9.000000  0.000000  0.000000  0.000000 
9.000000  0.000000  0.000000  0.000000 
95.000000  0.000000  0.000000  0.000000 
94.000000  0.000000  0.000000  0.000000 
93.000000  0.000000  0.000000  0.000000 
93.000000  0.000000  0.000000  0.000000 
93.000000  0.000000  0.000000  0.000000 
89.000000  0.000000  0.000000  0.000000 
85.000000  0.000000  0.000000  0.000000 
84.000000  0.000000  0.000000  0.000000 
8.000000  0.000000  0.000000  0.000000 
8.000000  0.000000  0.000000  0.000000 
80.000000  0.000000  0.000000  0.000000 
79.000000  0.000000  0.000000  0.000000 
79.000000  0.000000  0.000000  0.000000 
79.000000  0.000000  0.000000  0.000000 
79.000000  0.000000  0.000000  0.000000 
77.000000  0.000000  0.000000  0.000000 
76.000000  0.000000  0.000000  0.000000 
76.000000  0.000000  0.000000  0.000000 
76.000000  0.000000  0.000000  0.000000 
76.000000  0.000000  0.000000  0.000000 
76.000000  0.000000  0.000000  0.000000 
75.000000  0.000000  0.000000  0.000000 
75.000000  0.000000  0.000000  0.000000 
75.000000  0.000000  0.000000  0.000000 
75.000000  0.000000  0.000000  0.000000 
75.000000  0.000000  0.000000  0.000000 
75.000000  0.000000  0.000000  0.000000 
75.000000  0.000000  0.000000  0.000000 
75.000000  0.000000  0.000000  0.000000 
75.000000  0.000000  0.000000  0.000000 
76.000000  0.000000  0.000000  0.000000 
76.000000  0.000000  0.000000  0.000000 
77.000000  0.000000  0.000000  0.000000 
77.000000  0.000000  0.000000  0.000000 
77.000000  0.000000  0.000000  0.000000 
78.000000  0.000000  0.000000  0.000000 
81.000000  0.000000  0.000000  0.000000 
82.000000  0.000000  0.000000  0.000000 
85.000000  0.000000  0.000000  0.000000 
85.000000  0.000000  0.000000  0.000000 
88.000000  0.000000  0.000000  0.000000 
89.000000  0.000000  0.000000  0.000000 
91.000000  0.000000  0.000000  0.000000 
93.000000  0.000000  0.000000  0.000000 
93.000000  0.000000  0.000000  0.000000 
94.000000  0.000000  0.000000  0.000000 
95.000000  0.000000  0.000000  0.000000 
96.000000  0.000000  0.000000  0.000000 
96.000000  0.000000  0.000000  0.000000 
96.000000  0.000000  0.000000  0.000000 
96.000000  0.000000  0.000000  0.000000 
96.000000  0.000000  0.000000  0.000000 
94.000000  0.000000  0.000000  0.000000 
93.000000  0.000000  0.000000  0.000000 
93.000000  0.000000  0.000000  0.000000 
91.000000  0.000000  0.000000  0.000000 
89.000000  0.000000  0.000000  0.000000 
86.000000  0.000000  0.000000  0.000000 
84.000000  0.000000  0.000000  0.000000 
82.000000  0.000000  0.000000  0.000000 
80.000000  0.000000  0.000000  0.000000 
79.000000  0.000000  0.000000  0.000000 
79.000000  0.000000  0.000000  0.000000 
78.000000  0.000000  0.000000  0.000000 
77.000000  0.000000  0.000000  0.000000 
76.000000  0.000000  0.000000  0.000000 
76.000000  0.000000  0.000000  0.000000 
75.000000  0.000000  0.000000  0.000000 
75.000000  0.000000  0.000000  0.000000 
75.000000  0.000000  0.000000  0.000000 
75.000000  0.000000  0.000000  0.000000 
74.000000  0.000000  0.000000  0.000000 
74.000000  0.000000  0.000000  0.000000 
75.000000  0.000000  0.000000  0.000000 
75.000000  0.000000  0.000000  0.000000 
75.000000  0.000000  0.000000  0.000000 
75.000000  0.000000  0.000000  0.000000 
76.000000  0.000000  0.000000  0.000000 
76.000000  0.000000  0.000000  0.000000 
7.000000  0.000000  0.000000  0.000000 
77.000000  0.000000  0.000000  0.000000 
79.000000  0.000000  0.000000  0.000000 
80.000000  0.000000  0.000000  0.000000 
8.000000  0.000000  0.000000  0.000000 
85.000000  0.000000  0.000000  0.000000 
86.000000  0.000000  0.000000  0.000000 
88.000000  0.000000  0.000000  0.000000 
9.000000  0.000000  0.000000  0.000000 
92.000000  0.000000  0.000000  0.000000 
93.000000  0.000000  0.000000  0.000000 
94.000000  0.000000  0.000000  0.000000 
95.000000  0.000000  0.000000  0.000000 
95.000000  0.000000  0.000000  0.000000 
95.000000  0.000000  0.000000  0.000000 
96.000000  0.000000  0.000000  0.000000 
96.000000  0.000000  0.000000  0.000000 
96.000000  0.000000  0.000000  0.000000 
96.000000  0.000000  0.000000  0.000000 
96.000000  0.000000  0.000000  0.000000 
95.000000  0.000000  0.000000  0.000000 
93.000000  1.000000  1.000000  1.000000 
92.000000  1.000000  1.000000  1.000000 
92.000000  1.000000  1.000000  1.000000 
90.000000  1.000000  1.000000  1.000000 
88.000000  1.000000  1.000000  1.000000 
86.000000  1.000000  1.000000  1.000000 
84.000000  1.000000  1.000000  1.000000 
84.000000  1.000000  1.000000  1.000000 
82.000000  1.000000  1.000000  1.000000 
81.000000  1.000000  1.000000  1.000000 
80.000000  1.000000  1.000000  1.000000 
7.000000  1.000000  1.000000  1.000000 
7.000000  1.000000  1.000000  1.000000 
78.000000  1.000000  1.000000  1.000000 
78.000000  1.000000  1.000000  1.000000 
77.000000  1.000000  1.000000  1.000000 
7.000000  1.000000  1.000000  1.000000 
1.000000  1.000000  1.000000  1.000000 
77.000000  1.000000  1.000000  1.000000 
76.000000  1.000000  1.000000  1.000000 
76.000000  1.000000  1.000000  1.000000 
7.000000  1.000000  1.000000  1.000000 
7.000000  1.000000  1.000000  1.000000 
76.000000  1.000000  1.000000  1.000000 
75.000000  1.000000  1.000000  1.000000 
75.000000  1.000000  1.000000  1.000000 
75.000000  1.000000  1.000000  1.000000 
75.000000  1.000000  1.000000  1.000000 
75.000000  1.000000  1.000000  1.000000 
75.000000  1.000000  1.000000  1.000000 
76.000000  1.000000  1.000000  1.000000 
76.000000  1.000000  1.000000  1.000000 
76.000000  1.000000  1.000000  1.000000 
76.000000  1.000000  1.000000  1.000000 
77.000000  1.000000  1.000000  1.000000 
77.000000  1.000000  1.000000  1.000000 
77.000000  1.000000  1.000000  1.000000 
1.000000  1.000000  1.000000  1.000000 
78.000000  1.000000  1.000000  1.000000 
79.000000  1.000000  1.000000  1.000000 
80.000000  1.000000  1.000000  1.000000 
8.000000  1.000000  1.000000  1.000000 
2.000000  1.000000  1.000000  1.000000 
84.000000  1.000000  1.000000  1.000000 
86.000000  1.000000  1.000000  1.000000 
88.000000  0.000000  0.000000  1.000000 
90.000000  0.000000  0.000000  1.000000 
90.000000  0.000000  0.000000  1.000000 
91.000000  0.000000  0.000000  1.000000 
93.000000  0.000000  0.000000  1.000000 
94.000000  0.000000  0.000000  1.000000 
94.000000  0.000000  0.000000  1.000000 
95.000000  0.000000  0.000000  1.000000 
95.000000  0.000000  0.000000  1.000000 
96.000000  0.000000  0.000000  1.000000 
96.000000  0.000000  0.000000  1.000000 
96.000000  0.000000  0.000000  1.000000 
96.000000  0.000000  0.000000  1.000000 
96.000000  0.000000  0.000000  1.000000 
96.000000  0.000000  0.000000  1.000000 
95.000000  0.000000  0.000000  1.000000 
95.000000  0.000000  0.000000  1.000000 
93.000000  0.000000  0.000000  1.000000 
92.000000  0.000000  0.000000  1.000000 
90.000000  0.000000  0.000000  1.000000 
8.000000  0.000000  0.000000  1.000000 
8.000000  0.000000  0.000000  1.000000 
86.000000  0.000000  0.000000  1.000000 
84.000000  0.000000  0.000000  1.000000 
82.000000  0.000000  0.000000  1.000000 
8.000000  0.000000  0.000000  1.000000 
8.000000  0.000000  0.000000  1.000000 
80.000000  0.000000  0.000000  1.000000 
79.000000  0.000000  0.000000  1.000000 
79.000000  0.000000  0.000000  1.000000 
7.000000  0.000000  0.000000  1.000000 
7.000000  0.000000  0.000000  1.000000 
77.000000  0.000000  0.000000  1.000000 
77.000000  0.000000  0.000000  1.000000 
77.000000  0.000000  0.000000  1.000000 
76.000000  0.000000  0.000000  1.000000 
76.000000  0.000000  0.000000  1.000000 
76.000000  0.000000  0.000000  1.000000 
76.000000  0.000000  0.000000  1.000000 
76.000000  0.000000  0.000000  1.000000 
76.000000  0.000000  0.000000  1.000000 
76.000000  0.000000  0.000000  1.000000 
75.000000  0.000000  0.000000  1.000000 
75.000000  0.000000  0.000000  1.000000 
76.000000  1.000000  1.000000  0.000000 
76.000000  1.000000  1.000000  0.000000 
76.000000  1.000000  1.000000  0.000000 
76.000000  1.000000  1.000000  0.000000 
76.000000  1.000000  1.000000  0.000000 
76.000000  1.000000  1.000000  0.000000 
77.000000  1.000000  1.000000  0.000000 
77.000000  1.000000  1.000000  0.000000 
77.000000  1.000000  1.000000  0.000000 
77.000000  1.000000  1.000000  0.000000 
78.000000  1.000000  1.000000  0.000000 
79.000000  1.000000  1.000000  0.000000 
82.000000  1.000000  1.000000  0.000000 
84.000000  1.000000  1.000000  0.000000 
85.000000  1.000000  1.000000  0.000000 
87.000000  1.000000  1.000000  0.000000 
89.000000  1.000000  1.000000  0.000000 
91.000000  1.000000  1.000000  0.000000 
93.000000  1.000000  1.000000  0.000000 
94.000000  1.000000  1.000000  0.000000 
95.000000  1.000000  1.000000  0.000000 
95.000000  1.000000  1.000000  0.000000 
951.000000  1.000000  0.000000  0.000000 
96.000000  1.000000  1.000000  0.000000 
96.000000  1.000000  1.000000  0.000000 
95.000000  1.000000  1.000000  0.000000 
94.000000  1.000000  1.000000  0.000000 
93.000000  1.000000  1.000000  0.000000 
91.000000  1.000000  1.000000  0.000000 
89.000000  1.000000  1.000000  0.000000 
8.000000  1.000000  1.000000  0.000000 
8.000000  1.000000  1.000000  0.000000 
85.000000  1.000000  1.000000  0.000000 
83.000000  1.000000  1.000000  0.000000 
81.000000  1.000000  1.000000  0.000000 
8.000000  1.000000  1.000000  0.000000 
8.000000  1.000000  1.000000  0.000000 
79.000000  1.000000  1.000000  0.000000 
78.000000  1.000000  1.000000  0.000000 
77.000000  1.000000  1.000000  0.000000 
77.000000  1.000000  1.000000  0.000000 
77.000000  1.000000  1.000000  0.000000 
76.000000  1.000000  1.000000  0.000000 
76.000000  0.000000  1.000000  0.000000 
75.000000  0.000000  1.000000  0.000000 
75.000000  0.000000  1.000000  0.000000 
75.000000  0.000000  1.000000  0.000000 
75.000000  0.000000  1.000000  0.000000 
75.000000  0.000000  1.000000  0.000000 
75.000000  0.000000  1.000000  0.000000 
75.000000  0.000000  1.000000  0.000000 
75.000000  0.000000  1.000000  0.000000 
74.000000  0.000000  1.000000  0.000000 
75.000000  0.000000  1.000000  0.000000 
75.000000  0.000000  1.000000  0.000000 
75.000000  0.000000  1.000000  0.000000 
75.000000  0.000000  1.000000  0.000000 
75.000000  0.000000  1.000000  0.000000 
76.000000  0.000000  1.000000  0.000000 
76.000000  0.000000  1.000000  0.000000 
76.000000  1.000000  0.000000  0.000000 
76.000000  1.000000  0.000000  0.000000 
77.000000  0.000000  1.000000  0.000000 
78.000000  0.000000  1.000000  0.000000 
79.000000  0.000000  1.000000  0.000000 
81.000000  0.000000  1.000000  0.000000 
81.000000  0.000000  1.000000  0.000000 
83.000000  0.000000  1.000000  0.000000 
85.000000  0.000000  1.000000  0.000000 
86.000000  0.000000  1.000000  0.000000 
86.000000  0.000000  1.000000  0.000000 
86.000000  0.000000  1.000000  0.000000 
90.000000  0.000000  1.000000  0.000000 
91.000000  0.000000  1.000000  0.000000 
92.000000  0.000000  1.000000  0.000000 
9.000000  0.000000  1.000000  0.000000 
9.000000  0.000000  1.000000  0.000000 
94.000000  0.000000  1.000000  0.000000 
94.000000  0.000000  1.000000  0.000000 
94.000000  0.000000  1.000000  0.000000 
9.000000  0.000000  1.000000  0.000000 
9.000000  0.000000  1.000000  0.000000 
93.000000  0.000000  1.000000  0.000000 
92.000000  0.000000  1.000000  0.000000 
90.000000  0.000000  1.000000  0.000000 
8.000000  0.000000  1.000000  0.000000 
1.000000  0.000000  1.000000  0.000000 
86.000000  0.000000  1.000000  0.000000 
85.000000  0.000000  1.000000  0.000000 
82.000000  1.000000  1.000000  1.000000 
80.000000  1.000000  1.000000  1.000000 
80.000000  1.000000  1.000000  1.000000 
78.000000  1.000000  1.000000  1.000000 
76.000000  1.000000  1.000000  1.000000 
75.000000  1.000000  1.000000  1.000000 
75.000000  1.000000  1.000000  1.000000 
1.000000  1.000000  1.000000  1.000000 
74.000000  1.000000  1.000000  1.000000 
73.000000  1.000000  1.000000  1.000000 
73.000000  1.000000  1.000000  1.000000 
7.000000  1.000000  1.000000  1.000000 
2.000000  1.000000  1.000000  1.000000 
72.000000  1.000000  1.000000  1.000000 
72.000000  1.000000  1.000000  1.000000 
72.000000  1.000000  11.000000  1.000000 
72.000000  1.000000  11.000000  1.000000 
71.000000  1.000000  1.000000  1.000000 
71.000000  1.000000  1.000000  1.000000 
71.000000  1.000000  1.000000  1.000000 
71.000000  1.000000  1.000000  1.000000 
71.000000  1.000000  1.000000  1.000000 
72.000000  1.000000  1.000000  1.000000 
72.000000  1.000000  1.000000  1.000000 
73.000000  1.000000  1.000000  1.000000 
73.000000  1.000000  1.000000  1.000000 
73.000000  1.000000  1.000000  1.000000 
74.000000  1.000000  1.000000  1.000000 
74.000000  1.000000  1.000000  1.000000 
75.000000  1.000000  1.000000  1.000000 
7.000000  1.000000  1.000000  1.000000 
7.000000  1.000000  1.000000  1.000000 
77.000000  1.000000  1.000000  1.000000 
78.000000  1.000000  1.000000  1.000000 
80.000000  1.000000  1.000000  1.000000 
83.000000  1.000000  1.000000  1.000000 
83.000000  1.000000  1.000000  1.000000 
85.000000  1.000000  1.000000  1.000000 
86.000000  1.000000  1.000000  1.000000 
88.000000  1.000000  1.000000  1.000000 
90.000000  1.000000  1.000000  1.000000 
90.000000  1.000000  1.000000  1.000000 
91.000000  0.000000  0.000000  0.000000 
92.000000  0.000000  0.000000  0.000000 
93.000000  0.000000  0.000000  0.000000 
93.000000  0.000000  0.000000  0.000000 
93.000000  0.000000  0.000000  0.000000 
93.000000  0.000000  0.000000  0.000000 
93.000000  0.000000  0.000000  0.000000 
93.000000  0.000000  0.000000  0.000000 
92.000000  0.000000  0.000000  0.000000 
92.000000  0.000000  0.000000  0.000000 
91.000000  0.000000  0.000000  0.000000 
89.000000  0.000000  0.000000  0.000000 
87.000000  0.000000  0.000000  0.000000 
85.000000  0.000000  0.000000  0.000000 
85.000000  0.000000  0.000000  0.000000 
83.000000  0.000000  0.000000  0.000000 
80.000000  0.000000  0.000000  0.000000 
78.000000  0.000000  0.000000  0.000000 
76.000000  0.000000  0.000000  0.000000 
76.000000  0.000000  0.000000  0.000000 
75.000000  0.000000  0.000000  0.000000 
74.000000  0.000000  0.000000  0.000000 
74.000000  0.000000  0.000000  0.000000 
73.000000  0.000000  0.000000  0.000000 
73.000000  0.000000  0.000000  0.000000 
73.000000  0.000000  0.000000  0.000000 
72.000000  0.000000  0.000000  0.000000 
72.000000  0.000000  0.000000  0.000000 
71.000000  0.000000  0.000000  0.000000 
71.000000  0.000000  0.000000  0.000000 
72.000000  0.000000  0.000000  0.000000 
72.000000  0.000000  0.000000  0.000000 
72.000000  0.000000  0.000000  0.000000 
73.000000  0.000000  0.000000  0.000000 
73.000000  0.000000  0.000000  0.000000 
73.000000  0.000000  1.000000  1.000000 
73.000000  0.000000  1.000000  1.000000 
74.000000  0.000000  1.000000  1.000000 
74.000000  0.000000  1.000000  1.000000 
74.000000  0.000000  1.000000  1.000000 
74.000000  0.000000  1.000000  1.000000 
75.000000  0.000000  1.000000  1.000000 
75.000000  0.000000  1.000000  1.000000 
6.000000  0.000000  1.000000  1.000000 
1.000000  1.000000  1.000000  1.000000 
76.000000  0.000000  1.000000  1.000000 
78.000000  0.000000  1.000000  1.000000 
80.000000  0.000000  1.000000  1.000000 
80.000000  0.000000  1.000000  1.000000 
80.000000  0.000000  1.000000  1.000000 
85.000000  0.000000  1.000000  1.000000 
86.000000  0.000000  1.000000  1.000000 
88.000000  0.000000  1.000000  1.000000 
88.000000  0.000000  1.000000  1.000000 
88.000000  0.000000  1.000000  1.000000 
91.000000  0.000000  1.000000  1.000000 
92.000000  0.000000  1.000000  1.000000 
92.000000  0.000000  1.000000  1.000000 
9.000000  0.000000  1.000000  1.000000 
9.000000  0.000000  1.000000  1.000000 
92.000000  0.000000  1.000000  1.000000 
92.000000  0.000000  1.000000  1.000000 
92.000000  0.000000  1.000000  1.000000 
91.000000  0.000000  1.000000  1.000000 
0.000000  1.000000  1.000000  1.000000 
88.000000  0.000000  1.000000  1.000000 
86.000000  0.000000  1.000000  1.000000 
84.000000  0.000000  1.000000  1.000000 
8.000000  0.000000  1.000000  1.000000 
2.000000  0.000000  1.000000  1.000000 
79.000000  0.000000  1.000000  1.000000 
76.000000  0.000000  1.000000  1.000000 
74.000000  0.000000  1.000000  1.000000 
74.000000  0.000000  1.000000  1.000000 
72.000000  0.000000  1.000000  1.000000 
71.000000  0.000000  1.000000  1.000000 
70.000000  0.000000  1.000000  1.000000 
70.000000  0.000000  1.000000  1.000000 
70.000000  0.000000  1.000000  1.000000 
69.000000  0.000000  1.000000  1.000000 
69.000000  0.000000  1.000000  1.000000 
69.000000  0.000000  1.000000  1.000000 
69.000000  0.000000  1.000000  1.000000 
69.000000  0.000000  1.000000  1.000000 
69.000000  0.000000  1.000000  1.000000 
69.000000  0.000000  1.000000  1.000000 
69.000000  0.000000  1.000000  1.000000 
690.000000  1.000000  1.000000  1.000000 
690.000000  1.000000  1.000000  1.000000 
69.000000  0.000000  1.000000  1.000000 
69.000000  0.000000  1.000000  1.000000 
70.000000  0.000000  1.000000  1.000000 
700.000000  1.000000  1.000000  1.000000 
700.000000  1.000000  1.000000  1.000000 
70.000000  0.000000  1.000000  1.000000 
71.000000  0.000000  1.000000  1.000000 
72.000000  0.000000  1.000000  1.000000 
7.000000  0.000000  1.000000  1.000000 
7.000000  0.000000  1.000000  1.000000 
73.000000  0.000000  1.000000  1.000000 
74.000000  0.000000  1.000000  1.000000 
76.000000  0.000000  1.000000  1.000000 
7.000000  0.000000  1.000000  1.000000 
7.000000  0.000000  1.000000  1.000000 
81.000000  0.000000  1.000000  1.000000 
83.000000  0.000000  1.000000  1.000000 
85.000000  0.000000  1.000000  1.000000 
86.000000  0.000000  1.000000  1.000000 
86.000000  0.000000  1.000000  1.000000 
88.000000  0.000000  1.000000  1.000000 
89.000000  0.000000  1.000000  1.000000 
90.000000  0.000000  1.000000  1.000000 
90.000000  0.000000  1.000000  1.000000 
90.000000  0.000000  1.000000  1.000000 
90.000000  0.000000  1.000000  1.000000 
90.000000  0.000000  1.000000  1.000000 
90.000000  0.000000  1.000000  1.000000 
90.000000  0.000000  1.000000  1.000000 
90.000000  0.000000  1.000000  1.000000 
89.000000  0.000000  1.000000  1.000000 
87.000000  0.000000  1.000000  1.000000 
85.000000  0.000000  1.000000  1.000000 
8.000000  0.000000  1.000000  1.000000 
0.000000  1.000000  1.000000  1.000000 
82.000000  0.000000  1.000000  1.000000 
81.000000  0.000000  1.000000  1.000000 
79.000000  0.000000  1.000000  1.000000 
770.000000  1.000000  1.000000  1.000000 
1.000000  1.000000  1.000000  1.000000 
76.000000  0.000000  1.000000  1.000000 
76.000000  0.000000  1.000000  1.000000 
76.000000  0.000000  1.000000  1.000000 
75.000000  0.000000  1.000000  1.000000 
75.000000  0.000000  1.000000  1.000000 
75.000000  0.000000  1.000000  1.000000 
75.000000  0.000000  1.000000  1.000000 
75.000000  0.000000  1.000000  1.000000 
75.000000  0.000000  1.000000  1.000000 
75.000000  0.000000  1.000000  1.000000 
75.000000  0.000000  1.000000  1.000000 
75.000000  0.000000  1.000000  1.000000 
76.000000  0.000000  1.000000  1.000000 
76.000000  0.000000  1.000000  1.000000 
0.000000  1.000000  1.000000  1.000000 
76.000000  0.000000  1.000000  1.000000 
76.000000  1.000000  0.000000  0.000000 
77.000000  1.000000  0.000000  0.000000 
77.000000  1.000000  0.000000  0.000000 
77.000000  1.000000  0.000000  0.000000 
77.000000  1.000000  0.000000  0.000000 
78.000000  1.000000  0.000000  0.000000 
79.000000  1.000000  0.000000  0.000000 
79.000000  1.000000  0.000000  0.000000 
79.000000  1.000000  0.000000  0.000000 
80.000000  1.000000  0.000000  0.000000 
81.000000  1.000000  0.000000  0.000000 
82.000000  1.000000  0.000000  0.000000 
82.000000  1.000000  0.000000  0.000000 
85.000000  1.000000  0.000000  0.000000 
